SSIPe ddg
0.330
0.948
1.535
1.150
1.140
2.058
3.123
1.947
3.375
2.649
2.146
2.898
0.882
0.300
0.585
-0.566
-0.168
-0.944
0.569
0.984
0.436
0.351
0.975
1.365
0.989
0.508
1.320
0.653
1.622
0.813
1.281
-0.501
2.029
-0.484
0.663
0.790
0.856
1.537
0.637
0.044
-0.144
1.944
1.905
1.470
0.675
0.211
0.017
1.048
0.806
1.111
-0.215
0.246
0.323
0.565
0.405
0.592
1.997
2.955
1.322
0.786
0.888
0.705
0.875
0.391
0.615
0.332
0.482
1.863
2.182
1.751
1.498
1.140
1.208
0.521
0.474
0.182
0.850
0.860
1.049
1.158
0.377
0.080
0.004
1.343
1.175
1.280
1.959
0.837
1.424
1.349
1.076
1.722
0.902
0.568
1.242
1.065
-0.402
0.909
0.721
0.291
1.084
-0.304
0.108
1.266
2.094
1.422
1.215
0.493
0.435
-0.877
-0.041
1.066
1.927
1.345
0.335
1.603
1.379
0.247
1.736
-0.166
0.510
1.848
2.015
1.920
1.413
1.645
1.028
0.389
-0.257
0.252
0.402
-0.011
0.711
0.569
-0.240
-0.500
0.272
0.136
-0.706
-0.384
0.555
1.412
0.908
0.289
0.718
0.895
-0.007
-0.028
-0.021
-0.500
-0.384
0.009
-0.197
0.311
-0.044
-0.818
0.046
0.042
-0.296
0.402
-0.915
-0.595
0.437
0.675
0.086
0.311
-0.325
-0.275
-0.604
-0.707
1.268
1.105
0.456
1.722
0.528
1.751
2.088
1.295
2.556
1.693
0.913
1.949
1.268
0.650
1.826
0.905
1.035
2.809
1.281
1.183
1.265
1.929
1.492
0.806
1.849
1.171
1.032
0.888
1.901
0.760
0.062
1.147
1.095
1.466
1.999
1.290
1.395
1.658
1.628
0.844
1.189
1.506
0.790
1.277
0.889
1.712
1.186
1.205
2.301
1.939
2.066
2.095
2.580
3.690
4.580
4.089
4.101
0.724
0.409
0.303
0.459
1.072
0.327
0.951
1.475
0.267
0.607
1.271
1.580
1.203
-0.456
0.392
0.895
0.148
0.537
1.967
0.542
0.654
1.059
0.990
-0.359
0.259
0.938
1.301
1.635
2.140
2.171
0.364
0.927
0.543
-0.438
0.308
0.579
0.388
0.574
0.307
2.069
1.031
0.876
2.635
1.608
-0.629
-0.678
0.728
1.017
1.164
0.982
-0.576
3.663
1.657
0.669
1.945
2.715
1.319
1.412
1.232
1.354
0.038
-0.375
0.165
-1.546
-0.908
-0.800
1.156
0.591
1.017
0.213
-0.047
0.048
2.002
0.535
0.932
0.971
1.170
2.048
0.762
0.508
1.290
1.018
0.974
1.836
0.460
0.347
0.535
1.187
1.001
0.827
1.265
0.289
0.477
0.715
-0.094
0.443
0.760
-0.069
1.059
0.533
-0.239
0.961
1.332
1.191
1.467
0.806
0.321
0.565
0.629
1.782
0.580
0.682
3.082
1.974
2.608
2.163
0.857
-0.129
0.797
1.022
0.395
0.392
0.419
0.254
0.497
0.690
0.588
0.371
0.354
1.988
0.426
0.107
0.792
0.448
0.802
1.402
3.697
3.353
0.903
0.663
1.545
1.587
0.837
1.022
0.632
1.922
2.314
3.552
3.696
2.909
1.635
2.377
1.889
1.396
1.287
0.380
1.491
1.326
0.615
0.799
-0.877
0.760
0.469
-0.586
-0.358
1.325
1.094
1.386
1.773
2.373
1.374
1.560
1.089
0.365
0.694
-0.312
1.045
-0.268
-0.311
0.620
1.761
0.829
1.315
1.314
2.094
1.712
0.733
1.657
0.347
1.551
0.259
1.515
3.130
3.305
1.224
1.056
0.653
0.787
0.683
1.372
0.719
0.747
0.443
0.340
2.355
2.089
1.305
2.282
1.556
0.084
2.179
2.117
-0.732
3.471
2.056
2.628
1.858
2.177
0.632
0.868
0.405
0.914
0.646
-2.519
0.572
0.637
1.038
0.900
0.342
1.168
0.571
0.887
0.482
0.137
0.436
0.768
0.171
-0.154
1.327
1.237
1.176
0.694
2.316
0.348
1.011
0.784
0.706
0.822
0.599
0.880
1.461
1.434
0.702
2.119
0.726
1.011
0.532
1.758
1.609
2.476
0.732
2.495
1.130
0.661
1.025
0.914
0.358
1.168
1.301
0.747
0.334
1.932
0.477
0.871
0.648
-0.202
-0.613
0.452
0.173
1.043
0.886
1.278
0.805
0.913
2.806
2.928
1.671
0.494
1.023
0.903
1.008
0.651
-0.205
0.463
-0.185
0.584
0.931
1.196
1.170
0.948
2.516
2.585
0.842
0.745
1.229
0.767
1.790
0.497
1.122
0.882
1.589
0.444
1.000
1.980
0.839
0.486
0.639
1.509
0.588
0.795
1.058
0.969
0.492
0.772
0.619
1.268
1.059
1.078
0.956
1.079
-0.090
0.683
2.195
0.912
0.971
2.151
2.508
3.103
1.181
1.076
0.999
2.177
1.141
0.818
0.678
1.024
1.008
0.122
0.946
1.131
1.647
1.051
0.721
0.728
0.782
1.204
1.132
1.042
0.820
1.373
3.453
3.347
1.613
2.147
0.112
-1.155
0.489
1.562
1.283
0.426
0.718
1.802
0.538
0.735
1.236
0.705
1.041
0.636
0.487
0.800
0.511
0.446
-0.150
0.190
0.460
0.659
0.972
1.376
1.698
1.396
1.146
0.618
1.252
0.771
1.915
1.553
1.768
2.104
1.830
0.559
0.966
1.509
1.828
0.398
0.538
2.445
0.919
0.267
0.748
1.031
0.840
0.271
-1.408
-1.026
1.742
-0.376
-1.043
-0.821
-0.325
-0.802
0.632
1.760
2.130
1.790
-0.519
1.001
0.909
0.797
0.330
0.786
0.433
1.275
1.175
-0.563
1.550
0.429
1.517
2.757
0.917
2.113
0.088
0.680
1.456
1.544
0.734
0.412
0.901
-0.577
2.529
1.059
1.337
0.985
0.421
2.496
2.695
1.851
1.077
1.036
-0.063
1.056
1.643
1.210
-3.471
-4.089
0.741
1.902
2.631
0.845
-0.157
2.567
1.744
-0.010
0.395
1.232
0.923
1.649
1.741
0.663
1.032
1.230
0.335
-0.478
2.615
1.465
2.513
1.706
0.134
-1.273
0.991
1.960
1.722
0.340
0.968
0.691
0.637
1.727
-0.256
-0.369
0.172
0.658
0.369
0.429
0.878
1.383
0.542
1.300
2.314
2.908
1.584
0.422
1.405
0.361
0.504
0.334
0.646
0.681
0.533
1.669
0.992
-0.194
0.549
1.359
0.764
1.301
1.076
1.072
1.273
2.263
1.287
1.394
1.031
1.717
1.443
2.221
2.282
0.006
0.334
1.321
1.782
2.280
2.464
3.071
4.670
1.504
2.170
2.026
-0.281
0.252
1.624
1.782
0.757
1.396
0.589
1.117
0.729
0.884
1.204
2.282
1.587
-0.028
0.671
0.248
1.598
0.747
1.063
1.296
2.106
0.807
2.318
0.820
2.078
2.801
0.687
2.564
2.908
0.999
0.937
1.327
0.225
0.728
-0.020
0.659
-0.126
0.612
0.433
1.547
0.696
0.987
0.163
1.118
1.219
1.966
1.466
2.209
0.848
1.205
0.538
1.181
3.297
0.357
0.782
-0.648
0.282
0.684
1.854
0.868
0.509
-0.053
1.099
0.677
1.208
0.941
-0.023
0.800
1.860
2.011
0.760
0.378
1.759
0.851
0.677
0.351
0.914
0.656
0.888
0.798
1.724
1.619
-0.022
0.896
0.696
0.443
1.796
2.939
2.354
2.613
2.028
2.341
0.896
0.412
0.131
0.110
0.869
1.601
0.494
1.367
1.360
1.360
1.264
0.375
0.282
0.640
0.392
0.732
0.480
1.666
2.101
1.260
2.181
0.991
0.656
