-1.43
-0.91
-1.08
-1.98
-0.22
-1.51
-1.33
2.65
-0.85
0.75
-0.42
-1.33
-0.88
-0.86
-0.1
-0.02
-0.49
0.37
-1.42
-1.41
-1.35
-1.54
-1.42
-1.25
-1.91
-0.93
-2.03
-1.48
-1.62
-1.48
-2.16
-2.01
-2.42
-0.94
-0.34
-1.32
-0.15
-1.09
-0.89
-1.1
-0.69
-1.0
-0.68
-1.17
-0.02
0.19
-1.77
-0.51
-0.91
-0.89
-2.65
-1.8
-1.01
-0.29
-0.27
-1.03
-0.3
-1.69
-1.99
-2.03
-1.75
-1.68
-2.02
-1.93
-1.83
-2.48
-2.04
-1.76
-2.02
-3.55
-1.95
-2.35
-2.12
-2.09
-2.14
-2.53
-1.73
-2.69
-1.98
-1.78
-1.73
-0.74
-1.09
-2.37
-1.05
-1.94
-1.49
-2.84
-1.76
-1.67
-2.51
-1.81
-1.72
-1.44
-1.38
-2.38
-2.02
-0.83
-0.85
-2.02
-1.2
-0.4
-1.97
0.27
-0.46
-1.15
-1.64
-1.69
-1.84
-1.29
-0.55
-1.34
-1.44
-0.6
0.37
-0.22
0.06
0.6
1.14
0.09
0.97
1.54
0.9
0.52
1.21
-1.47
0.55
-1.81
-0.12
1.4
0.32
-1.31
0.07
-2.27
-1.41
-1.26
-1.4
-1.28
-2.11
-0.67
-1.13
-1.7
-0.73
-0.97
-2.23
-1.61
-1.57
-1.5
-0.93
-1.58
-1.92
-0.92
-1.42
-1.53
-0.79
-0.52
-1.87
-0.66
-0.45
-1.26
0.07
-0.4
-0.67
-2.21
-1.36
-2.47
-1.52
-0.66
-0.52
-1.81
-1.0
-3.02
-1.93
-1.18
-1.29
-2.37
-1.46
-1.42
-0.91
-1.06
-1.3
-1.3
-2.37
-2.21
-1.07
-2.22
-1.1
-2.18
-2.04
0.29
-1.62
-1.09
0.3
0.82
-1.65
-0.06
-0.73
-1.28
-0.49
-0.51
-1.72
-1.14
-0.88
-1.37
-1.75
-0.45
0.03
-0.06
0.68
-1.34
-1.63
-0.26
-0.52
-0.16
-1.66
-0.54
-0.46
-2.22
-0.39
-1.58
-0.11
-2.51
-0.72
-0.43
-1.52
-1.3
-0.87
-0.78
-1.84
-1.5
-0.6
-1.21
-0.38
-1.9
0.01
0.04
-1.53
-1.11
0.04
-0.13
-2.64
-1.72
-1.73
-0.9
-0.68
-1.59
-1.12
-2.82
-2.57
-1.9
-1.97
-1.73
-3.47
-1.27
-1.5
-1.74
-1.81
-2.06
-2.91
-1.85
-1.7
-2.04
-1.72
-1.65
-1.81
-1.33
-2.89
-3.8
-2.62
-2.45
-1.91
-2.97
-2.46
-1.86
-2.83
-2.03
-2.13
-4.98
-2.44
-3.24
-2.83
-2.12
-1.91
-2.51
-1.58
-2.46
-2.77
-1.36
-2.31
-1.06
-2.93
-1.35
-1.2
-2.69
-1.66
-1.79
-1.17
-4.01
-1.34
-1.91
-1.68
-1.0
-1.28
-1.52
-2.12
-2.08
-2.2
-1.86
-1.41
-2.45
-1.61
-2.2
-2.69
-2.28
-2.01
-2.68
-2.32
-2.4
-2.75
-1.94
-1.98
-3.59
-1.88
-0.34
-1.53
-0.37
-0.15
0.33
-0.53
-0.34
-0.76
-0.75
-0.31
-0.64
-1.4
0.03
-0.16
-0.55
-0.37
-0.51
-0.57
0.51
-1.85
-1.85
-1.81
-2.21
-2.14
-1.19
-2.08
-2.55
-1.94
-2.67
-1.32
-1.94
-2.48
-1.61
-1.86
-2.29
-1.73
-2.55
-0.98
-3.24
-3.96
-2.3
-0.36
-2.76
-2.07
-1.61
-0.24
-1.69
-2.31
-2.37
-3.72
-2.38
-0.47
-2.06
-1.63
-1.85
-0.13
-0.16
-1.61
-2.75
-0.81
-1.05
-1.01
-1.1
-0.78
-0.53
-1.07
-0.4
-0.92
-1.38
-2.45
-1.08
-1.16
-0.52
-0.61
-2.31
-0.54
-0.9
-1.76
-1.26
-1.26
-0.75
-1.73
-0.79
-0.39
-0.74
-1.14
-1.11
-1.04
-1.67
-0.72
-1.42
-1.49
-0.71
-2.43
-2.12