0.688   0.459     0.430      SF19A;
0.403   0.074     0.420      SF19C;
0.858   0.876     0.030      SF19D;
0.675   0.663     -0.050     SF19E;
-0.141  -0.453    -0.040     SF19F;
0.675   0.459     0.390      SF19G;
0.341   0.459     -0.590     SF19H;
0.406   0.074     0.430      SF19I;
0.885   1.098     -0.370     SF19K;
-0.334  -0.929    0.420      SF19L;
0.140   -0.283    0.420      SF19M;
0.786   0.876     -0.180     SF19N;
1.887   2.101     0.410      SF19P;
0.967   1.098     -0.130     SF19Q;
0.562   0.663     -0.380     SF19R;
0.283   -0.108    0.460      SF19T;
0.276   -0.108    0.440      SF19V;
-0.221  -0.776    0.420      SF19W;
-0.104  -0.617    0.420      SF19Y;
0.188   0.000     -0.050     EF23A;
0.188   0.000     -0.050     EF23C;
0.188   0.000     -0.050     EF23D;
0.188   0.000     -0.050     EF23F;
0.185   0.000     -0.060     EF23G;
0.188   0.000     -0.050     EF23H;
0.191   0.000     -0.040     EF23I;
0.075   0.000     -0.380     EF23K;
0.167   0.000     -0.110     EF23L;
0.079   0.000     -0.370     EF23M;
-0.088  0.000     -0.860     EF23N;
0.188   0.000     -0.050     EF23P;
0.106   0.000     -0.290     EF23Q;
0.689   0.000     1.420      EF23R;
0.188   0.000     -0.050     EF23S;
0.195   0.000     -0.030     EF23T;
0.191   0.000     -0.040     EF23V;
0.110   0.000     -0.280     EF23W;
0.188   0.000     -0.050     EF23Y;
0.436   0.273     0.090      QF24A;
0.034   -0.112    -0.260     QF24C;
0.841   0.690     0.380      QF24D;
0.596   0.477     0.120      QF24E;
-0.155  -0.639    0.320      QF24F;
0.463   0.273     0.170      QF24G;
0.306   0.273     -0.290     QF24H;
-0.208  -0.112    -0.970     QF24I;
0.738   0.912     -0.400     QF24K;
-1.019  -1.115    -1.190     QF24L;
-0.740  -0.469    -1.760     QF24M;
0.732   0.690     0.060      QF24N;
1.635   1.915     0.070      QF24P;
0.504   0.477     -0.150     QF24R;
0.814   0.690     0.300      QF24S;
-0.014  -0.294    -0.010     QF24T;
-0.116  -0.294    -0.310     QF24V;
-0.917  -0.961    -1.220     QF24W;
-0.343  -0.803    0.120      QF24Y;
1.529   1.297     1.090      TF27A;
0.943   0.912     0.200      TF27C;
1.920   1.714     1.340      TF27D;
1.313   1.501     0.020      TF27E;
0.293   0.385     -0.570     TF27F;
1.699   1.297     1.590      TF27G;
0.829   1.297     -0.960     TF27H;
0.612   0.912     -0.770     TF27I;
1.401   1.936     -0.660     TF27K;
-0.186  -0.091    -0.950     TF27L;
0.353   0.555     -0.760     TF27M;
1.875   1.714     1.210      TF27N;
2.714   2.939     1.030      TF27P;
1.534   1.936     -0.270     TF27Q;
1.235   1.501     -0.210     TF27R;
1.913   1.714     1.320      TF27S;
0.611   0.730     -0.380     TF27V;
0.172   0.062     -0.230     TF27W;
0.794   0.221     1.250      TF27Y;
1.482   1.596     0.310      FF28A;
1.190   1.211     0.280      FF28C;
1.833   2.013     0.440      FF28D;
1.632   1.800     0.310      FF28E;
1.520   1.596     0.420      FF28G;
1.107   1.596     -0.790     FF28H;
1.152   1.211     0.170      FF28I;
1.962   2.235     0.340      FF28K;
0.624   0.208     0.780      FF28L;
0.938   0.854     0.310      FF28M;
1.802   2.013     0.350      FF28N;
2.616   3.239     0.100      FF28P;
1.614   2.235     -0.680     FF28Q;
1.264   1.800     -0.770     FF28R;
1.816   2.013     0.390      FF28S;
1.080   1.030     0.350      FF28T;
1.189   1.030     0.670      FF28V;
0.706   0.362     0.690      FF28W;
0.536   0.521     -0.150     FF28Y;
0.821   0.459     0.820      DF30A;
0.403   0.074     0.420      DF30C;
0.702   0.663     0.030      DF30E;
0.183   -0.453    0.910      DF30F;
0.900   0.459     1.050      DF30G;
0.954   0.459     1.210      DF30H;
0.304   0.074     0.130      DF30I;
1.321   1.098     0.910      DF30K;
-0.552  -0.929    -0.220     DF30L;
0.096   -0.283    0.290      DF30M;
0.885   0.876     0.110      DF30N;
2.044   2.101     0.870      DF30P;
1.014   1.098     0.010      DF30Q;
1.046   0.663     1.040      DF30R;
0.974   0.876     0.370      DF30S;
0.078   -0.108    -0.140     DF30T;
0.194   -0.108    0.200      DF30V;
-0.068  -0.776    0.870      DF30W;
-0.115  -0.617    0.390      DF30Y;
0.596   0.273     0.560      KF31A;
0.270   -0.112    0.430      KF31C;
0.967   0.690     0.750      KF31D;
0.688   0.477     0.390      KF31E;
-0.717  -0.639    -1.330     KF31F;
0.794   0.273     1.140      KF31G;
0.276   0.273     -0.380     KF31H;
-0.280  -0.112    -1.180     KF31I;
-0.890  -1.115    -0.810     KF31L;
-0.467  -0.469    -0.960     KF31M;
0.933   0.690     0.650      KF31N;
1.625   1.915     0.040      KF31P;
0.943   0.912     0.200      KF31Q;
0.351   0.477     -0.600     KF31R;
0.977   0.690     0.780      KF31S;
-0.052  -0.294    -0.120     KF31T;
-0.041  -0.294    -0.090     KF31V;
-0.555  -0.961    -0.160     KF31W;
-0.599  -0.803    -0.630     KF31Y;
0.855   0.811     0.160      HF34A;
0.470   0.426     -0.140     HF34C;
1.294   1.228     0.550      HF34D;
0.408   1.015     -1.590     HF34E;
0.025   -0.101    -0.310     HF34F;
0.926   0.811     0.370      HF34G;
0.269   0.426     -0.730     HF34I;
1.314   1.450     0.130      HF34K;
-0.539  -0.577    -0.940     HF34L;
-0.133  0.069     -1.140     HF34M;
1.103   1.228     -0.010     HF34N;
1.972   2.454     -0.100     HF34P;
1.269   1.450     0.000      HF34Q;
0.824   1.015     -0.370     HF34R;
0.373   1.228     -2.150     HF34S;
-0.042  0.244     -1.250     HF34T;
0.245   0.244     -0.410     HF34V;
0.038   -0.423    0.420      HF34W;
-0.201  -0.265    -0.620     HF34Y;
0.457   0.459     -0.250     EF35A;
0.171   0.074     -0.260     EF35C;
0.793   0.876     -0.160     EF35D;
-0.209  -0.453    -0.240     EF35F;
0.453   0.459     -0.260     EF35G;
0.460   0.459     -0.240     EF35H;
0.096   0.074     -0.480     EF35I;
0.479   1.098     -1.560     EF35K;
-0.579  -0.929    -0.300     EF35L;
-0.341  -0.283    -0.990     EF35M;
0.786   0.876     -0.180     EF35N;
1.638   2.101     -0.320     EF35P;
0.660   1.098     -1.030     EF35Q;
-0.048  0.663     -2.170     EF35R;
0.776   0.876     -0.210     EF35S;
0.054   -0.108    -0.210     EF35T;
0.044   -0.108    -0.240     EF35V;
-0.415  -0.776    -0.150     EF35W;
-0.330  -0.617    -0.240     EF35Y;
0.571   0.638     -0.300     EF37A;
0.289   0.253     -0.300     EF37C;
0.897   1.055     -0.240     EF37D;
-0.296  -0.274    -0.880     EF37F;
0.571   0.638     -0.300     EF37G;
0.482   0.638     -0.560     EF37H;
0.248   0.253     -0.420     EF37I;
0.709   1.277     -1.270     EF37K;
-0.489  -0.750    -0.420     EF37L;
-0.209  -0.104    -0.990     EF37M;
0.894   1.055     -0.250     EF37N;
1.777   2.281     -0.300     EF37P;
0.631   1.277     -1.500     EF37Q;
0.441   0.842     -1.120     EF37R;
0.884   1.055     -0.280     EF37S;
0.135   0.071     -0.360     EF37T;
0.131   0.071     -0.370     EF37V;
-0.492  -0.596    -0.760     EF37W;
-0.280  -0.438    -0.480     EF37Y;
0.866   0.459     0.950      DF38A;
0.501   0.074     0.710      DF38C;
0.947   0.663     0.750      DF38E;
-0.230  -0.453    -0.300     DF38F;
0.873   0.459     0.970      DF38G;
0.027   0.459     -1.510     DF38H;
0.358   0.074     0.290      DF38I;
1.055   1.098     0.130      DF38K;
-0.320  -0.929    0.460      DF38L;
-0.095  -0.283    -0.270     DF38M;
0.841   0.876     -0.020     DF38N;
2.082   2.101     0.980      DF38P;
1.069   1.098     0.170      DF38Q;
0.688   0.663     -0.010     DF38R;
0.619   0.876     -0.670     DF38S;
0.269   -0.108    0.420      DF38T;
0.395   -0.108    0.790      DF38V;
-1.108  -0.776    -2.180     DF38W;
-0.411  -0.617    -0.480     DF38Y;
2.007   1.740     1.540      YF41A;
1.728   1.355     1.550      YF41C;
2.425   2.156     1.870      YF41D;
1.901   1.944     0.790      YF41E;
1.041   0.828     0.670      YF41F;
2.000   1.740     1.520      YF41G;
2.044   1.740     1.650      YF41H;
1.711   1.355     1.500      YF41I;
2.118   2.379     0.490      YF41K;
0.940   0.351     1.400      YF41L;
1.391   0.997     1.330      YF41M;
2.221   2.156     1.270      YF41N;
3.213   3.382     1.540      YF41P;
2.282   2.379     0.970      YF41Q;
2.051   1.944     1.230      YF41R;
2.333   2.156     1.600      YF41S;
1.591   1.173     1.540      YF41T;
1.591   1.173     1.540      YF41V;
1.258   0.505     2.000      YF41W;
0.354   0.273     -0.150     QF42A;
0.072   -0.112    -0.150     QF42C;
0.660   0.690     -0.150     QF42D;
0.398   0.477     -0.460     QF42E;
-0.315  -0.639    -0.150     QF42F;
0.351   0.273     -0.160     QF42G;
0.398   0.273     -0.020     QF42H;
0.055   -0.112    -0.200     QF42I;
0.585   0.912     -0.850     QF42K;
-0.685  -1.115    -0.210     QF42L;
-0.327  -0.469    -0.550     QF42M;
0.387   0.690     -0.950     QF42N;
1.573   1.915     -0.110     QF42P;
0.010   0.477     -1.600     QF42R;
0.667   0.690     -0.130     QF42S;
-0.041  -0.294    -0.090     QF42T;
-0.045  -0.294    -0.100     QF42V;
-0.879  -0.961    -1.110     QF42W;
-0.435  -0.803    -0.150     QF42Y;
1.741   2.014     0.170      LF45A;
1.442   1.630     0.120      LF45C;
2.075   2.431     0.250      LF45D;
1.847   2.218     0.040      LF45E;
1.018   1.103     0.010      LF45F;
1.735   2.014     0.150      LF45G;
1.721   2.014     0.110      LF45H;
1.442   1.630     0.120      LF45I;
1.958   2.653     -0.570     LF45K;
1.088   1.272     -0.150     LF45M;
1.867   2.431     -0.360     LF45N;
2.940   3.657     0.150      LF45P;
2.013   2.653     -0.410     LF45Q;
1.622   2.218     -0.620     LF45R;
2.054   2.431     0.190      LF45S;
1.326   1.448     0.170      LF45T;
1.332   1.448     0.190      LF45V;
0.143   0.780     -1.860     LF45W;
0.887   0.939     -0.020     LF45Y;
1.671   1.449     1.180      MF82A;
1.320   1.064     0.980      MF82C;
1.977   1.866     1.180      MF82D;
1.636   1.653     0.640      MF82E;
0.961   0.537     1.060      MF82F;
1.674   1.449     1.190      MF82G;
1.671   1.449     1.180      MF82H;
1.109   1.064     0.360      MF82I;
1.799   2.088     0.180      MF82K;
0.273   0.061     0.070      MF82L;
1.977   1.866     1.180      MF82N;
2.876   3.091     1.180      MF82P;
2.126   2.088     1.140      MF82Q;
1.510   1.653     0.270      MF82R;
1.977   1.866     1.180      MF82S;
1.187   0.882     0.980      MF82T;
1.187   0.882     0.980      MF82V;
0.516   0.214     0.450      MF82W;
0.653   0.373     0.510      MF82Y;
2.014   1.740     1.560      YF83A;
1.731   1.355     1.560      YF83C;
2.327   2.156     1.580      YF83D;
2.170   1.944     1.580      YF83E;
1.273   0.828     1.350      YF83F;
2.014   1.740     1.560      YF83G;
2.017   1.740     1.570      YF83H;
1.731   1.355     1.560      YF83I;
2.357   2.379     1.190      YF83K;
0.988   0.351     1.540      YF83L;
1.469   0.997     1.560      YF83M;
2.320   2.156     1.560      YF83N;
3.219   3.382     1.560      YF83P;
2.493   2.379     1.590      YF83Q;
1.570   1.944     -0.180     YF83R;
2.320   2.156     1.560      YF83S;
1.598   1.173     1.560      YF83T;
1.598   1.173     1.560      YF83V;
0.835   0.505     0.760      YF83W;
0.491   0.459     -0.150     NF330A;
0.154   0.074     -0.310     NF330C;
0.855   0.876     0.020      NF330D;
0.726   0.663     0.100      NF330E;
-0.479  -0.453    -1.030     NF330F;
0.497   0.459     -0.130     NF330G;
0.433   0.459     -0.320     NF330H;
0.062   0.074     -0.580     NF330I;
0.820   1.098     -0.560     NF330K;
-0.794  -0.929    -0.930     NF330L;
-0.392  -0.283    -1.140     NF330M;
1.700   2.101     -0.140     NF330P;
1.031   1.098     0.060      NF330Q;
0.514   0.663     -0.520     NF330R;
0.817   0.876     -0.090     NF330S;
0.044   -0.108    -0.240     NF330T;
0.017   -0.108    -0.320     NF330V;
-0.736  -0.776    -1.090     NF330W;
-0.807  -0.617    -1.640     NF330Y;
0.678   0.273     0.800      KF353A;
0.375   -0.112    0.740      KF353C;
1.090   0.690     1.110      KF353D;
0.739   0.477     0.540      KF353E;
-0.322  -0.639    -0.170     KF353F;
0.869   0.273     1.360      KF353G;
0.572   0.273     0.490      KF353H;
0.413   -0.112    0.850      KF353I;
-0.504  -1.115    0.320      KF353L;
-0.047  -0.469    0.270      KF353M;
1.059   0.690     1.020      KF353N;
1.829   1.915     0.640      KF353P;
1.059   0.912     0.540      KF353Q;
0.726   0.477     0.500      KF353R;
1.076   0.690     1.070      KF353S;
0.197   -0.294    0.610      KF353T;
0.116   -0.294    0.370      KF353V;
-0.419  -0.961    0.240      KF353W;
0.134   -0.803    1.520      KF353Y;
0.695   0.811     -0.310     GF354A;
0.272   0.426     -0.720     GF354C;
1.086   1.228     -0.060     GF354D;
0.647   1.015     -0.890     GF354E;
-0.827  -0.101    -2.810     GF354F;
1.141   0.811     1.000      GF354H;
0.330   0.426     -0.550     GF354I;
0.802   1.450     -1.370     GF354K;
-0.785  -0.577    -1.660     GF354L;
-0.474  0.069     -2.140     GF354M;
0.864   1.228     -0.710     GF354N;
1.832   2.454     -0.510     GF354P;
0.884   1.450     -1.130     GF354Q;
0.582   1.015     -1.080     GF354R;
1.004   1.228     -0.300     GF354S;
0.637   0.244     0.740      GF354T;
0.299   0.244     -0.250     GF354V;
-0.829  -0.423    -2.120     GF354W;
-0.419  -0.265    -1.260     GF354Y;
0.634   0.459     0.270      DF355A;
0.338   0.074     0.230      DF355C;
0.865   0.663     0.510      DF355E;
-0.322  -0.453    -0.570     DF355F;
0.661   0.459     0.350      DF355G;
0.576   0.459     0.100      DF355H;
0.307   0.074     0.140      DF355I;
1.181   1.098     0.500      DF355K;
-0.491  -0.929    -0.040     DF355L;
0.280   -0.283    0.830      DF355M;
1.022   0.876     0.510      DF355N;
1.720   2.101     -0.080     DF355P;
1.802   1.098     2.320      DF355Q;
1.227   0.663     1.570      DF355R;
0.960   0.876     0.330      DF355S;
0.423   -0.108    0.870      DF355T;
0.252   -0.108    0.370      DF355V;
1.279   -0.776    4.820      DF355W;
-0.166  -0.617    0.240      DF355Y;
0.547   0.638     -0.370     RF357A;
0.265   0.253     -0.370     RF357C;
0.853   1.055     -0.370     RF357D;
0.711   0.842     -0.330     RF357E;
-0.091  -0.274    -0.280     RF357F;
0.547   0.638     -0.370     RF357G;
0.629   0.638     -0.130     RF357H;
0.265   0.253     -0.370     RF357I;
1.084   1.277     -0.170     RF357K;
-0.472  -0.750    -0.370     RF357L;
0.074   -0.104    -0.160     RF357M;
0.853   1.055     -0.370     RF357N;
1.753   2.281     -0.370     RF357P;
1.098   1.277     -0.130     RF357Q;
0.853   1.055     -0.370     RF357S;
0.131   0.071     -0.370     RF357T;
0.131   0.071     -0.370     RF357V;
-0.328  -0.596    -0.280     RF357W;
-0.225  -0.438    -0.320     RF357Y;
0.656   0.638     -0.050     RF393A;
0.374   0.253     -0.050     RF393C;
0.962   1.055     -0.050     RF393D;
0.806   0.842     -0.050     RF393E;
-0.013  -0.274    -0.050     RF393F;
0.656   0.638     -0.050     RF393G;
0.656   0.638     -0.050     RF393H;
0.374   0.253     -0.050     RF393I;
1.139   1.277     -0.010     RF393K;
-0.363  -0.750    -0.050     RF393L;
0.118   -0.104    -0.030     RF393M;
0.962   1.055     -0.050     RF393N;
1.862   2.281     -0.050     RF393P;
1.125   1.277     -0.050     RF393Q;
0.962   1.055     -0.050     RF393S;
0.240   0.071     -0.050     RF393T;
0.240   0.071     -0.050     RF393V;
-0.246  -0.596    -0.040     RF393W;
-0.133  -0.438    -0.050     RF393Y;