-0.14
-0.74
0.84
0.47
1.17
0.41
0.57
1.49
-0.68
0.97
0.91
0.69
-0.69
0.24
0.0
0.48
0.6
0.56
0.91
2.23
-0.78
-1.77
-0.27
-0.06
0.18
-0.63
-0.31
0.54
0.0
1.21
0.47
-0.23
-1.33
-0.31
-1.02
-0.69
-0.48
-0.26
-0.27
1.45
-0.31
-1.51
-0.1
-0.22
-0.08
0.0
-0.79
-0.36
-1.2
-0.51
-1.04
-0.29
-0.81
-0.54
-0.99
-0.35
-0.21
-0.56
-1.0
0.35
-1.57
-2.91
-0.73
-0.78
-0.76
-1.52
-0.56
-0.24
-2.01
-1.11
-0.95
-0.83
-1.93
-1.11
-0.85
-1.65
-1.35
-1.48
0.49
0.0
-1.62
-1.08
0.13
-0.27
2.03
-0.99
0.42
0.83
-0.66
0.03
0.05
-0.03
-1.47
0.5
-0.02
-0.18
-0.12
0.07
-0.36
0.0
-1.73
-0.52
-0.59
-0.47
1.79
-1.68
0.96
-0.21
-0.16
0.0
0.2
-0.48
-0.61
0.04
0.2
-0.17
-0.42
-0.68
0.85
1.19
-2.43
-3.86
-1.71
-1.53
0.0
-2.53
-1.45
-0.68
-1.24
-1.21
-1.28
-2.02
-2.83
-2.09
-1.53
-2.04
-2.0
-1.81
-1.1
0.34
-1.35
-1.87
-0.45
-0.55
-0.03
-0.75
-0.11
-0.56
-0.84
-0.65
-0.3
-0.16
-1.53
-0.41
-0.03
-1.0
-0.6
-1.02
-0.11
0.0
0.0
0.04
0.62
0.59
1.54
-0.43
0.99
0.9
-0.0
0.31
1.17
1.07
0.68
0.48
1.39
-0.17
0.72
-0.12
2.0
1.96
-0.61
-0.44
-0.4
0.36
0.19
0.0
0.84
-0.35
0.17
-0.32
-0.3
0.04
0.36
-0.05
0.13
-0.6
-0.17
-0.16
-0.02
0.07
-0.46
-0.69
0.48
0.81
1.29
-0.58
0.84
0.12
-0.15
0.4
0.6
0.93
-0.41
-0.19
0.13
0.0
-0.09
-0.48
-0.36
0.83
-0.82
-0.37
0.77
0.0
1.76
-0.7
1.73
2.01
1.25
1.18
0.68
0.8
-0.13
0.89
0.68
-0.22
0.4
-0.01
1.03
1.76
-2.22
-1.94
-0.77
-1.1
0.0
-2.22
0.08
-0.9
-0.62
0.37
-0.42
-0.08
-0.84
-1.13
-0.42
-1.0
-0.6
-0.45
-0.77
0.86
-1.69
-1.54
-0.23
-0.01
2.11
-2.83
-0.09
-0.18
-0.2
0.14
-0.49
0.0
-2.1
-0.41
0.17
-1.32
-0.8
-0.67
1.07
1.34
-1.71
-0.99
0.25
-0.68
0.41
-1.01
0.05
-0.01
-0.13
0.39
-0.8
-0.52
-0.19
-0.42
0.12
-0.37
-0.24
0.24
0.78
0.0
-1.29
-1.65
-0.08
-0.17
0.0
-1.49
-0.26
0.65
-0.26
0.02
0.29
0.05
-1.82
-0.18
-0.25
-0.94
-0.19
-0.22
0.17
0.46
-1.64
-1.14
0.07
-1.34
0.73
-1.42
-0.72
-0.36
-1.03
0.33
-0.33
0.39
-0.8
0.0
-0.64
-1.01
-0.27
-0.56
0.62
0.47
-1.16
-1.55
0.37
0.29
1.22
-1.47
0.86
0.85
0.48
0.85
0.74
0.93
-0.75
0.67
0.31
0.0
-0.11
-0.02
0.0
0.23
-0.34
-0.79
-0.56
-0.25
0.28
-0.48
-0.08
0.62
-1.13
0.05
0.02
-0.25
-0.85
-0.57
-0.7
-0.65
-0.58
-0.28
-0.39
0.0
-1.21
-0.69
-0.45
-1.35
1.25
0.0
0.27
-0.39
-0.26
-0.48
-1.27
-0.2
-0.57
-0.25
0.29
-0.26
-0.12
-0.66
0.28
0.83
-1.69
-1.9
-1.28
-1.23
0.0
-1.93
0.23
0.05
-1.23
-0.58
-0.93
-0.92
-1.45
-0.74
-0.92
-1.29
-1.43
-1.34
0.19
0.73
-0.36
-0.81
0.69
0.14
0.84
-0.78
0.85
0.48
-0.34
1.52
0.74
0.71
-1.13
0.0
0.37
-0.04
0.78
0.56
0.02
0.9
-1.32
-0.88
-0.52
-0.46
0.61
-1.15
0.25
-0.12
-0.13
-0.29
-0.42
-0.17
-0.78
-0.32
-0.74
-1.14
0.0
-2.56
0.68
0.15
-1.92
-1.5
-0.54
-0.1
0.65
-1.43
0.65
-0.68
-0.11
-0.76
-0.66
0.0
-1.34
-0.04
0.44
-1.35
-1.0
-0.87
-0.58
0.02
-0.7
-0.67
-0.17
0.52
1.05
0.0
1.24
-0.04
0.56
0.08
-0.7
0.33
-0.27
0.32
-0.13
-0.12
0.29
-0.02
-0.09
1.01
-0.41
0.18
0.71
-0.05
0.97
0.31
0.09
0.25
0.33
0.64
1.63
0.64
0.07
-0.16
0.98
0.27
0.15
0.0
2.12
0.0
0.21
-1.02
0.37
0.08
1.31
0.03
0.74
0.0
-0.04
0.38
1.38
0.37
0.02
0.54
0.13
-0.15
-0.16
-0.26
0.64
0.0
