BindProfX ddg
1.651
1.360
1.360
1.360
1.605
1.605
1.605
1.605
1.074
1.053
1.144
2.796
4.463
4.478
2.575
2.811
0.955
1.163
2.220
1.086
1.372
1.372
1.372
3.023
3.039
4.690
4.705
1.103
1.979
1.979
1.979
1.979
4.443
1.979
1.667
3.318
3.334
1.430
1.667
1.430
3.598
3.388
3.636
3.494
3.649
3.587
0.038
-0.662
-0.701
-1.658
-1.622
-3.106
-1.484
3.173
3.173
2.909
0.895
4.068
4.068
0.944
0.934
4.108
4.108
0.832
4.005
3.741
0.904
0.944
4.118
4.118
3.853
0.933
2.909
3.128
6.301
6.037
4.458
6.360
6.316
6.079
3.185
3.191
3.151
6.071
5.810
0.640
3.814
3.814
3.549
1.971
3.873
3.829
2.730
2.920
6.093
6.093
5.829
4.251
6.152
6.108
2.659
2.844
6.018
6.018
5.753
4.175
6.076
6.032
2.920
6.093
5.829
4.251
6.152
6.108
1.331
1.791
3.232
3.232
3.188
2.952
2.176
1.427
1.704
1.704
1.704
1.704
1.906
1.638
1.638
1.702
1.702
1.674
1.674
2.191
1.043
1.225
0.124
0.175
0.329
1.391
1.790
0.705
0.122
0.211
0.622
2.123
1.618
0.944
2.311
1.704
1.787
0.904
0.859
0.953
0.592
0.554
1.955
2.210
1.651
1.360
1.360
1.053
1.053
1.163
1.164
2.831
1.979
16.534
1.006
1.322
-0.948
3.023
2.530
2.215
1.704
1.629
1.906
1.674
1.011
2.647
2.064
1.805
2.064
2.064
2.299
1.651
1.651
1.372
1.588
1.360
1.053
1.086
1.372
1.372
1.372
1.103
1.742
1.430
1.808
1.201
1.686
2.859
2.859
4.032
3.617
3.617
4.551
4.551
4.551
3.993
2.444
2.444
2.444
3.617
3.202
3.202
4.136
4.136
4.136
3.578
2.444
3.202
3.202
4.136
4.136
4.136
3.578
3.378
3.378
3.378
3.378
3.378
3.378
3.378
4.551
4.136
4.136
5.071
5.071
5.071
4.512
3.378
4.551
4.136
4.136
5.071
5.071
5.071
3.378
4.551
4.136
4.136
5.071
5.071
5.071
3.378
4.551
4.136
4.136
5.071
5.071
4.512
3.378
4.551
5.071
5.071
4.512
2.820
2.820
3.993
3.578
3.578
4.512
4.512
4.512
3.954
2.820
3.578
3.578
4.512
4.512
4.512
4.512
3.954
2.176
4.352
2.123
2.176
2.176
1.895
1.618
1.597
3.226
1.597
3.774
1.468
1.704
3.598
3.610
1.659
1.704
3.333
3.610
3.342
3.659
1.659
1.629
1.906
3.800
1.906
1.638
3.814
3.533
3.593
1.638
2.191
4.367
4.086
3.830
1.955
3.849
3.860
3.593
3.909
2.191
1.955
1.423
1.730
2.153
7.878
1.703
1.727
0.444
1.734
1.418
1.708
1.045
1.726
1.712
1.101
1.717
1.719
1.902
1.687
1.702
4.893
1.674
5.053
1.742
1.733
1.156
2.504
1.180
2.473
2.464
2.495
-0.450
2.355
2.102
1.856
2.401
2.503
2.391
2.420
1.199
2.401
1.104
2.515
2.486
0.423
0.594
0.453
0.572
0.457
0.591
0.584
0.578
0.562
0.591
0.582
0.447
0.583
0.456
0.322
0.579
0.579
0.594
0.587
3.130
3.238
3.186
2.985
3.207
3.224
3.219
3.070
3.523
-0.753
3.192
3.645
3.839
6.156
3.138
3.236
3.086
0.183
3.174
3.149
2.473
3.241
3.212
0.420
0.481
0.469
0.441
0.466
-0.531
0.476
0.204
0.438
0.139
0.471
0.481
0.456
0.001
0.456
0.226
-0.236
0.234
0.472
0.548
0.016
0.313
0.290
0.621
-0.021
0.629
0.320
0.588
0.534
0.628
0.315
0.604
0.315
-0.534
0.587
0.581
0.639
0.325
0.806
0.656
0.817
0.621
0.655
0.827
0.654
0.801
0.622
0.754
0.668
0.491
0.831
0.800
0.816
0.810
0.800
0.832
0.821
3.323
0.964
3.456
3.396
3.472
3.459
3.479
3.406
3.420
3.284
3.475
2.808
-0.749
3.442
3.433
3.379
3.356
3.499
3.479
2.321
3.040
3.019
2.921
2.907
3.017
3.016
1.701
2.322
-1.224
2.985
2.961
3.042
2.965
2.342
2.982
2.970
2.864
2.356
2.683
1.776
1.860
1.446
1.501
0.070
0.245
9.897
-0.949
7.211
2.824
2.637
2.694
2.628
2.660
1.372
-1.471
2.065
2.926
1.715
1.591
3.680
1.799
3.249
3.249
2.176
1.895
1.895
1.618
1.597
3.303
1.906
1.638
2.494
2.494
2.494
2.494
6.026
2.191
4.367
4.383
1.955
2.191
1.955
2.024
1.134
1.667
2.552
1.134
2.968
0.574
0.441
0.730
0.268
7.031
1.939
0.785
2.556
0.401
0.668
1.692
1.692
0.902
1.599
1.086
2.685
1.086
2.685
0.794
1.199
2.798
2.814
1.372
1.588
1.360
1.309
1.223
1.979
1.281
3.549
2.267
0.012
0.310
0.321
4.039
4.138
1.030
0.262
1.914
1.308
1.327
4.390
2.215
3.576
3.680
0.523
1.305
0.686
0.694
3.938
1.590
0.668
2.135
1.838
1.631
1.713
1.733
2.494
-14.912
1.074
4.773
2.176
2.176
0.867
1.895
0.928
1.618
1.597
1.339
1.670
1.597
3.774
2.464
3.492
3.576
1.339
1.704
3.610
1.700
1.629
3.535
3.267
1.906
1.906
3.544
1.753
1.906
4.082
4.082
2.773
3.800
3.524
3.606
1.638
1.702
3.878
2.569
3.597
2.630
3.320
3.341
1.674
3.569
2.602
3.292
1.674
2.602
1.467
1.733
3.225
1.651
1.372
1.651
1.372
1.360
1.618
5.969
0.048
1.651
1.599
3.197
1.651
1.599
1.588
1.645
1.360
1.185
2.784
2.784
1.571
1.053
1.053
1.692
3.263
1.692
1.086
0.786
1.404
1.103
1.713
1.733
3.446
1.571
1.309
1.372
1.199
1.247
1.303
1.360
1.304
2.613
2.551
2.606
1.360
1.185
1.360
1.185
1.605
1.053
0.794
1.692
1.372
1.199
1.979
1.360
1.086
1.958
1.979
1.021
2.166
1.651
1.074
1.692
2.024
1.103
1.134
1.667
1.667
