EvoEF ddg
-0.270
0.340
0.000
0.260
0.800
-0.030
1.260
0.850
0.520
-0.350
1.880
1.110
2.400
6.100
2.630
4.800
0.740
0.750
0.050
0.440
1.030
-1.080
0.670
0.400
2.900
3.020
5.530
-0.030
0.770
2.900
1.990
2.700
-0.020
2.590
2.240
2.350
5.150
1.240
2.920
0.650
2.630
2.670
2.700
0.160
2.840
2.620
-0.070
1.030
-0.160
-0.330
-0.730
-0.730
0.040
0.540
1.840
0.690
-0.390
0.300
1.730
-0.390
-0.390
0.320
1.700
-0.210
1.800
1.780
-0.390
-1.300
-0.660
1.050
0.690
0.080
2.000
0.730
3.030
2.730
0.830
1.040
2.450
0.550
1.270
1.360
0.110
2.710
0.670
-1.390
1.030
2.090
0.610
-1.400
-1.370
2.990
-0.050
2.600
3.200
4.440
2.560
2.420
2.370
5.100
0.550
1.430
1.960
2.540
3.420
1.290
1.730
3.950
0.620
1.750
2.610
0.710
0.920
3.180
-0.160
0.340
0.130
1.240
2.500
-0.150
-0.180
1.510
-0.280
-0.050
0.400
1.790
-2.790
0.440
-0.390
2.210
0.530
1.210
0.540
-0.630
0.240
0.110
1.410
-0.030
0.840
0.320
0.900
-0.640
-1.010
-0.010
1.520
0.450
0.410
0.120
1.290
0.140
0.090
-0.100
0.000
0.670
-1.070
-0.490
0.920
1.730
-0.660
1.900
-0.410
1.380
-0.170
-2.540
-0.060
0.160
1.020
-0.110
0.320
1.680
0.250
1.320
1.530
0.830
1.940
-0.080
0.100
-0.010
0.570
2.440
0.910
0.970
0.930
0.730
1.820
0.460
0.740
0.200
1.100
1.070
0.810
-1.640
-0.770
0.460
1.530
1.430
0.550
0.200
-0.570
0.710
-0.510
-0.130
0.020
0.400
0.980
1.010
1.210
2.350
1.590
1.560
0.450
0.480
-0.100
0.280
0.860
0.860
1.320
2.230
1.470
1.440
-0.230
0.730
0.760
1.190
2.100
1.340
1.310
0.920
1.820
3.540
1.040
2.030
1.070
0.160
0.540
1.120
1.150
1.590
2.650
1.230
1.700
1.150
1.530
2.110
2.140
2.580
3.590
2.730
1.450
1.570
2.420
2.440
2.880
3.680
3.030
1.410
1.790
2.130
2.400
3.900
2.980
2.950
2.180
2.570
4.680
3.760
3.720
1.030
0.340
0.730
1.200
1.330
1.770
2.840
1.920
1.880
0.640
1.610
1.630
2.070
2.970
4.690
2.220
1.930
0.010
0.800
0.000
0.790
-0.020
1.200
1.980
0.520
0.280
0.550
0.740
-0.440
-0.700
0.500
-0.470
-0.830
-0.400
-0.660
-0.170
-0.700
-0.110
0.280
-0.210
0.250
1.190
0.230
0.080
0.080
1.300
0.590
-0.300
2.130
2.150
2.310
1.980
1.180
1.410
1.400
0.830
1.690
1.250
0.510
-0.160
0.400
0.270
6.290
0.100
-1.040
0.770
-0.420
-1.560
-0.820
-1.380
-1.740
0.220
-0.400
-0.380
-0.440
5.030
0.380
-0.250
0.040
-1.080
-0.150
-1.960
-0.820
-0.330
-0.830
0.060
-0.570
0.070
-0.300
-1.560
-0.700
-1.630
-2.170
-0.040
-0.710
-0.120
-1.710
-0.040
-0.850
-1.470
-1.040
-0.220
-0.130
0.480
2.710
1.380
1.090
5.080
0.120
0.590
-0.580
-0.420
3.600
-0.070
0.600
0.100
2.460
2.900
0.410
4.260
1.270
3.410
2.800
4.440
3.730
1.730
3.780
3.280
1.550
4.260
3.310
0.280
2.990
2.940
1.480
4.200
4.850
3.990
5.460
4.160
3.940
2.450
1.500
4.100
0.060
-0.090
0.040
-0.120
-1.100
0.530
-0.380
-0.670
-1.180
-0.600
-0.530
0.320
-0.080
-2.020
0.180
-0.430
0.210
-0.810
-1.080
-0.050
-0.190
-0.030
-0.500
-2.560
0.010
-0.940
-0.660
-0.720
-0.830
-1.330
0.040
-0.600
2.580
-0.030
-0.200
-0.260
1.190
0.860
0.350
0.180
0.380
0.380
-1.890
0.360
-0.480
-0.310
-0.100
-0.430
-1.360
0.510
0.330
0.340
0.380
0.360
0.170
-1.730
0.400
0.590
0.050
1.180
0.140
-1.460
0.990
0.570
-0.670
-1.480
-1.540
-1.560
0.770
-0.110
-0.060
-1.070
0.930
-0.340
-0.980
-0.200
1.920
1.420
2.470
1.680
0.110
2.520
0.840
0.210
1.290
0.010
-0.130
2.300
4.030
1.200
0.610
2.380
1.900
1.090
-0.320
-0.180
0.000
1.040
-0.240
1.140
-0.260
1.640
0.800
-0.270
0.460
0.220
0.940
1.480
0.470
-0.270
0.000
-0.620
-1.270
0.680
1.140
0.240
2.250
-1.310
1.680
0.260
-0.260
1.610
0.520
0.740
0.200
0.040
-0.190
-0.040
1.450
2.000
0.360
0.560
0.800
2.350
2.580
5.840
0.110
3.490
0.490
0.390
0.400
1.210
1.460
0.450
-0.010
-0.080
-0.090
0.910
0.970
0.130
1.260
0.370
0.150
0.290
0.610
-1.210
-1.770
-0.150
-0.430
1.350
-0.200
0.680
1.550
0.490
-0.120
-0.560
-1.100
-0.210
0.330
1.790
1.730
1.510
3.060
1.340
1.450
0.030
-0.870
-2.130
-2.490
4.420
2.430
-0.120
-0.090
-0.370
-0.020
0.000
4.110
2.330
4.410
2.090
1.040
0.680
0.040
0.080
4.960
2.650
0.540
-0.690
5.650
1.440
-0.320
1.940
4.550
-0.010
0.520
0.470
-0.430
0.420
0.520
0.620
0.900
0.740
-0.100
-0.400
-0.600
0.350
0.240
0.370
0.980
3.150
0.420
-0.160
0.380
-0.940
0.410
0.850
-0.240
0.420
-0.850
-1.410
1.800
1.230
0.790
1.650
1.740
0.490
2.000
0.280
-0.760
0.470
1.120
0.990
1.060
1.370
1.210
-0.290
0.740
1.400
1.640
1.200
0.710
1.290
-1.490
2.010
1.430
1.040
-0.760
-0.330
0.220
1.380
0.830
0.780
-1.060
0.180
-1.090
0.590
1.520
1.690
0.560
1.110
-0.120
-1.260
-0.750
0.420
2.150
0.830
-0.010
1.300
3.440
0.000
1.300
0.840
-0.010
-0.270
-1.180
1.930
0.740
0.540
1.610
2.910
2.500
-0.210
-1.740
0.070
-1.640
-2.110
-1.930
-1.040
0.690
-0.740
1.340
0.560
0.290
0.830
0.850
2.820
2.050
0.600
4.160
1.560
-0.100
2.300
1.610
-1.730
0.010
3.140
1.750
2.020
0.730
0.540
0.130
1.230
0.970
