FlexddG ddg
1.695
1.336
0.360
0.982
2.421
0.109
1.914
0.333
-0.256
0.173
0.380
1.404
3.749
5.642
2.632
4.648
0.260
0.255
0.664
-0.130
1.304
2.863
2.596
2.708
3.470
3.455
4.731
-0.355
1.210
3.386
1.600
2.869
1.197
3.095
3.052
3.844
4.626
0.042
3.542
0.480
2.111
0.720
4.022
2.901
6.326
3.299
-0.430
-1.019
0.000
-0.905
-3.913
-4.670
0.024
2.725
4.017
2.728
-0.432
2.345
3.937
-0.189
0.283
2.396
4.366
0.294
3.611
1.918
-0.037
-1.091
1.353
2.613
1.639
-0.422
1.707
4.661
5.111
4.714
5.166
3.207
5.732
5.868
4.324
4.938
4.972
5.296
5.781
2.066
3.320
3.239
2.350
1.878
2.019
2.801
0.082
3.648
3.379
3.971
3.781
3.897
3.587
4.133
1.184
1.773
3.758
3.851
2.846
3.023
2.638
2.878
0.256
3.648
1.639
1.220
0.960
2.005
0.838
0.576
0.257
0.372
0.819
0.406
0.249
1.850
0.470
0.371
1.415
2.917
1.730
-0.233
-0.020
1.284
0.668
0.609
0.809
2.844
0.496
0.048
2.140
0.182
1.176
0.662
1.068
0.351
2.599
0.374
0.968
-0.275
-1.525
1.317
0.437
0.645
-0.077
0.057
-0.001
-0.321
0.331
0.082
-0.194
0.683
2.433
3.520
1.045
1.670
0.716
1.734
0.455
0.652
0.951
0.098
-0.744
-0.500
0.949
2.938
4.243
0.777
3.190
0.590
0.474
0.030
0.826
2.519
1.312
0.818
1.078
1.182
1.237
1.118
0.653
-0.473
0.598
2.157
1.206
0.513
-0.189
0.368
2.192
0.071
0.513
-0.083
-0.084
-0.707
1.587
0.639
2.308
1.411
3.346
3.046
2.185
2.947
1.982
2.815
2.405
2.418
1.579
0.764
2.816
2.597
2.440
2.450
1.462
2.059
1.575
2.839
2.551
2.374
2.242
1.623
1.923
2.472
2.013
1.420
2.731
2.964
1.485
0.752
0.359
2.367
1.684
2.392
1.849
2.045
1.116
1.863
0.968
2.903
2.325
3.082
2.915
1.656
2.177
1.837
3.356
2.994
2.255
3.087
1.512
1.931
1.587
3.318
3.066
3.172
2.021
2.159
3.502
2.685
4.090
3.311
4.128
2.117
2.043
2.036
3.509
3.264
3.652
3.182
2.147
2.769
1.701
3.139
2.662
2.264
2.772
2.384
1.536
2.045
-0.037
1.416
0.107
1.292
0.570
0.110
1.576
0.329
1.053
1.209
0.888
0.843
0.164
0.970
1.035
0.447
0.702
1.143
0.969
0.147
0.485
1.160
1.082
1.964
2.091
0.933
0.057
0.258
0.875
-0.208
-0.141
2.480
2.735
2.540
2.384
0.034
0.273
1.090
-0.116
0.002
1.662
-0.102
0.105
-0.342
2.146
6.299
-1.076
-1.390
1.224
-1.003
-0.329
-1.296
-0.119
-1.217
-0.215
-0.316
-0.926
-1.280
3.981
0.395
0.378
1.667
-0.466
0.785
-1.402
-1.736
0.648
0.836
0.587
0.685
1.677
0.728
1.201
0.527
1.947
0.808
0.477
0.295
-0.070
-0.871
0.715
0.848
1.444
1.187
0.658
2.674
3.426
3.283
2.134
-0.387
0.678
2.911
2.666
1.267
2.357
2.574
1.742
2.178
1.987
3.142
3.022
2.884
0.353
0.299
3.503
2.891
2.938
2.169
2.095
4.927
3.631
3.806
4.295
4.237
2.156
4.266
4.824
4.119
1.924
7.008
2.314
5.132
4.200
3.413
3.650
0.709
3.204
0.507
0.462
-0.189
-0.363
-0.844
0.824
-0.682
2.636
0.325
0.696
0.042
2.209
0.098
0.336
0.640
2.559
3.587
-1.685
-0.823
-0.060
0.082
-0.331
-0.876
0.062
0.332
-0.242
-0.927
0.006
0.308
-0.098
0.025
-0.523
0.016
-0.106
0.133
-0.761
0.091
0.172
0.615
0.562
0.228
0.416
0.179
0.419
-0.514
0.457
0.812
-0.151
-0.245
0.331
1.598
0.229
0.429
0.260
0.379
0.469
0.455
1.352
0.917
0.527
0.978
0.560
1.925
0.215
-0.050
0.451
0.492
-0.065
0.211
0.920
0.840
0.731
0.912
0.730
-0.127
0.482
2.341
2.426
3.033
2.187
-0.111
3.434
0.843
5.320
1.859
1.511
1.479
2.295
10.878
1.607
0.513
3.034
4.540
7.014
-0.238
0.094
-0.026
1.793
0.725
0.858
-0.029
1.713
2.647
-0.046
0.988
0.000
2.612
2.717
1.618
0.580
-0.057
-1.269
-0.095
0.688
1.263
-0.018
3.105
0.171
2.372
4.976
0.936
2.628
1.370
0.817
-0.072
1.428
0.084
-0.085
0.192
-1.087
0.577
0.283
0.244
-1.386
-1.002
1.957
-0.465
4.939
1.578
1.004
0.805
2.163
1.700
0.089
-0.185
0.784
1.023
0.326
1.842
-0.091
2.942
1.979
0.368
0.503
1.423
-0.310
0.431
-0.645
0.287
2.279
1.623
0.956
2.162
0.514
0.034
0.234
0.332
-1.112
0.307
3.415
1.559
1.013
3.527
-0.308
0.586
1.095
1.613
-0.531
-0.436
4.048
1.406
0.055
0.118
-0.326
0.177
0.091
4.822
3.013
4.514
1.957
1.261
-0.013
0.033
0.042
5.190
2.883
1.535
1.470
3.185
2.980
1.740
-0.089
3.980
0.232
1.270
3.084
0.019
3.025
0.911
3.227
0.965
1.391
0.035
-0.655
0.019
1.073
1.458
1.574
2.866
4.601
1.219
0.313
1.521
-0.119
2.977
3.586
2.335
1.659
2.210
2.268
4.981
1.468
1.453
2.813
2.220
3.106
2.553
0.909
-0.052
0.931
2.620
1.732
3.034
2.200
2.469
0.900
0.816
2.960
0.864
1.599
0.736
-0.048
0.288
-1.582
5.709
3.601
1.313
2.203
2.649
2.717
1.302
3.099
2.220
1.668
0.826
1.978
1.271
1.683
1.204
1.821
1.970
0.490
1.271
2.288
2.974
0.776
0.075
0.015
3.861
-0.503
3.003
0.876
-1.723
0.157
-1.283
0.211
-2.043
-0.437
2.822
4.291
4.329
0.342
1.315
0.481
-2.592
-1.340
-2.758
-2.202
0.756
1.107
1.662
2.157
1.995
0.871
1.310
2.358
2.731
1.433
2.424
2.343
0.041
1.014
1.920
-1.120
1.500
3.293
0.966
1.953
1.282
0.837
-0.093
1.393
1.544
