FoldX ddg
1.780
0.230
-0.300
0.960
0.550
0.290
0.740
1.770
0.770
-0.570
3.500
3.600
4.420
6.240
3.510
5.430
2.340
-0.130
0.770
0.800
2.540
1.720
5.130
6.680
7.210
8.980
7.770
1.040
0.870
1.430
1.520
3.080
0.330
1.950
2.090
3.850
4.380
0.260
2.430
0.560
4.280
4.370
3.450
3.310
4.710
2.870
-0.600
-1.050
-0.020
1.880
-2.470
-2.100
0.020
-0.300
4.000
0.470
-1.310
-1.150
3.320
-1.040
-1.320
-0.570
3.880
-0.880
3.640
-0.100
-0.620
-1.860
-0.870
3.720
-0.450
-2.090
0.500
4.090
6.200
4.630
4.730
3.400
4.130
3.260
3.750
4.620
2.410
3.200
2.470
1.020
-0.070
4.100
1.460
0.890
0.210
2.160
-0.050
1.040
0.270
5.060
0.970
1.720
1.050
2.160
0.470
3.830
3.560
5.510
4.800
4.080
2.780
4.880
2.250
4.120
2.750
3.230
1.840
2.970
0.590
0.070
-1.100
1.250
1.510
-0.840
-0.150
0.840
-2.110
0.430
0.940
0.690
1.290
0.280
-0.460
1.480
-0.510
2.110
0.630
1.560
-0.550
0.530
2.430
0.200
0.280
0.820
0.740
-0.050
0.620
0.580
2.730
-0.090
1.390
0.440
2.380
0.500
-0.900
0.470
0.470
-0.090
-0.540
1.060
-0.510
-0.040
0.370
4.030
0.980
1.080
-1.210
0.130
0.370
0.250
-0.830
0.220
0.370
4.080
1.150
0.920
6.610
1.190
1.710
0.360
0.210
0.110
0.300
2.600
0.760
1.320
1.110
1.110
2.350
0.620
1.890
0.160
1.670
1.380
1.090
-0.260
-1.180
-0.780
1.190
-0.880
0.600
-0.160
-0.480
1.050
1.370
1.940
2.100
2.680
2.480
2.700
3.790
4.300
3.180
4.080
1.740
1.960
1.560
2.130
1.880
2.130
3.440
3.770
2.630
3.530
1.470
1.790
2.260
3.200
3.900
2.700
3.680
3.180
3.600
3.770
3.490
3.400
2.450
2.620
3.180
2.990
3.210
4.370
3.900
2.810
4.680
1.270
1.840
1.710
1.860
3.230
3.900
2.550
3.350
3.660
3.770
3.940
5.160
5.360
4.320
2.870
3.450
3.260
3.570
5.130
3.820
4.920
3.320
3.900
5.830
4.330
5.300
3.430
2.070
2.630
2.350
2.670
3.890
4.270
3.160
4.100
3.010
3.330
3.520
4.820
5.280
5.410
4.000
4.440
-0.080
1.110
-0.110
0.420
0.010
1.340
2.390
1.760
1.990
1.330
1.280
0.470
0.460
1.720
1.070
0.460
1.080
1.730
1.320
0.550
0.930
-0.080
0.730
0.800
1.650
0.620
0.090
-0.300
1.270
-0.180
-0.530
2.260
2.120
1.500
1.760
1.510
1.320
2.020
0.850
1.800
2.300
-0.090
-0.040
0.730
3.840
6.110
-0.210
-0.530
0.900
0.570
-1.830
0.070
-0.550
-1.360
0.650
-0.740
-0.570
0.600
7.420
1.200
-0.350
0.780
-1.430
-0.940
0.230
0.840
0.250
0.530
0.660
-0.070
1.090
0.070
0.810
-0.150
-0.100
-0.160
0.170
-0.730
-0.210
-0.990
0.650
0.450
-0.220
1.880
-0.060
3.010
5.190
9.230
8.850
7.450
7.490
15.760
8.810
11.310
8.650
7.430
4.370
9.950
15.180
5.680
12.050
12.040
15.830
9.380
3.380
2.970
4.940
4.790
6.940
4.610
8.910
3.440
15.000
4.730
0.870
12.620
10.930
3.580
3.980
5.450
2.810
4.040
4.080
3.270
4.400
13.300
12.250
0.470
0.400
-0.130
0.410
-0.440
1.010
-0.350
0.250
0.960
-0.140
-0.050
1.030
0.570
0.950
0.390
0.850
0.200
-0.110
0.170
0.170
0.140
-0.080
-0.660
-1.090
0.140
-0.180
-0.380
-0.150
-0.400
-1.410
0.180
-0.480
0.100
0.180
0.240
0.140
-0.400
-0.550
0.400
-0.660
0.200
-0.230
0.350
0.400
0.140
-0.500
-0.230
-0.700
-1.390
-0.810
0.810
-0.830
-0.440
-0.400
0.210
0.380
0.380
0.030
0.090
0.280
-1.220
-0.500
1.000
-0.870
-1.020
-1.090
-2.430
-1.570
0.270
-1.080
-0.670
-1.390
0.520
-1.090
4.170
-0.770
2.360
2.180
2.910
2.460
-0.020
3.320
1.270
2.510
2.870
0.790
0.530
2.480
9.220
2.710
2.700
3.470
4.050
1.310
-0.630
0.160
-0.290
0.800
-0.280
2.370
0.450
1.600
2.830
-0.540
0.740
0.010
1.160
1.660
0.690
1.280
-0.370
-1.060
-0.430
0.310
1.830
-0.150
2.810
-0.160
2.830
3.670
0.000
1.290
1.890
1.240
0.110
1.320
0.060
-0.060
2.030
1.090
0.750
0.570
1.600
3.710
4.480
7.210
0.920
4.060
1.410
1.070
1.230
1.770
0.810
0.460
0.190
0.260
1.840
0.840
1.390
0.390
0.510
1.820
0.080
0.950
0.220
-1.630
-1.310
-0.430
-0.050
4.290
2.610
2.310
3.870
1.870
0.300
0.460
0.200
-0.090
0.130
2.290
1.080
4.410
3.780
2.420
2.120
-0.320
-0.810
-0.740
-3.190
4.400
3.300
0.010
0.120
-0.720
-0.170
-0.050
5.890
1.170
4.180
3.280
2.060
0.170
-0.170
-0.040
5.580
1.130
0.490
0.010
6.300
4.290
0.790
4.200
3.280
-0.250
1.110
0.300
0.320
3.020
0.220
1.220
1.260
1.400
0.380
-1.290
0.080
0.350
0.340
0.560
1.560
7.300
0.780
0.090
1.430
-0.300
1.610
1.900
1.100
0.490
1.710
1.440
5.050
1.540
1.800
4.480
1.750
1.530
3.040
1.240
-0.380
1.380
3.060
1.630
2.700
2.650
2.820
1.020
1.550
2.560
2.790
3.300
1.580
1.800
-0.470
3.810
3.310
3.330
2.730
-0.390
2.030
1.130
2.600
2.150
0.150
1.390
0.520
1.360
0.400
0.800
0.070
0.890
0.600
0.350
0.790
1.480
2.880
0.880
0.130
0.900
4.820
0.010
0.070
0.230
-0.260
-0.130
1.540
4.550
6.130
1.240
2.410
3.210
4.560
1.530
-0.670
-1.780
-3.690
-3.430
-2.770
-3.410
0.060
-0.810
0.380
0.880
1.030
0.180
0.380
2.460
1.830
1.730
2.850
-0.130
0.170
4.380
1.640
-0.020
1.430
5.180
2.920
3.480
1.820
0.850
0.800
2.690
0.900
