SSIPe ddg
0.310
0.017
0.275
-0.673
0.313
-0.141
-0.010
0.659
-0.743
-0.402
0.592
1.515
0.516
0.285
0.616
-0.134
-0.161
-0.797
-0.800
0.380
0.525
0.420
-0.095
0.677
0.380
0.384
1.121
-0.373
0.050
0.501
1.851
0.920
0.454
0.771
0.278
0.250
-0.338
-0.229
0.675
0.304
1.196
0.726
-0.482
0.740
0.501
0.034
0.990
-0.787
-0.313
1.035
1.869
1.055
0.589
0.068
0.027
-0.763
-0.449
1.582
1.293
1.694
1.800
0.630
1.582
1.766
1.228
1.798
0.424
1.502
2.787
1.908
1.626
1.902
1.139
1.111
0.236
0.465
1.331
1.048
1.408
1.467
0.839
1.389
1.631
0.816
1.956
-0.268
-0.005
1.681
2.529
2.042
1.903
1.698
0.666
2.820
0.691
0.325
-0.015
0.795
0.533
-0.849
0.393
0.199
-0.247
-1.086
-0.687
0.639
1.509
0.804
0.468
0.764
0.049
-0.132
-0.922
-1.000
0.673
0.391
0.979
0.823
0.007
0.663
0.673
0.391
1.142
-0.342
0.129
0.979
1.855
1.142
0.979
0.257
0.257
-0.232
-0.113
-0.215
-0.555
-0.025
-0.395
-0.917
-0.177
-0.181
-0.609
0.152
-1.418
-0.869
-0.182
0.006
-0.300
-0.028
-0.838
-0.811
-1.165
-1.079
1.980
1.674
2.276
2.065
2.137
1.847
1.046
2.087
0.358
0.746
2.405
3.100
2.043
2.096
2.327
1.438
1.165
0.095
0.737
-0.167
-0.483
0.190
-0.013
-1.238
-0.157
-0.235
-0.555
-0.046
-1.322
-0.950
-0.035
0.149
-0.566
0.149
-0.613
-0.630
-1.489
-1.051
