SSIPe ddg
0.542
0.259
0.882
-0.506
0.542
0.542
0.215
1.011
-0.477
-0.003
0.848
1.747
1.011
0.695
0.848
0.129
0.119
-0.388
-0.084
0.712
0.467
1.175
0.968
-0.151
0.880
0.689
0.252
0.823
-0.603
-0.091
1.312
1.931
0.953
0.572
0.122
0.170
-0.609
-0.306
0.077
0.733
0.584
-0.361
0.468
0.328
-0.176
0.808
-0.963
-0.871
0.593
1.384
0.603
0.243
0.706
-0.122
-0.214
-0.608
-0.526
0.364
0.000
0.674
0.487
-0.387
0.381
0.327
-0.160
0.666
-0.961
-0.555
1.477
0.755
0.388
0.674
-0.021
-0.168
-0.903
-0.691
0.175
-0.108
0.512
0.465
-0.617
0.175
0.127
-0.138
-0.901
-0.595
0.389
1.380
0.576
0.164
0.488
-0.221
-0.238
-0.693
-0.611
0.472
0.179
0.597
0.212
-0.191
0.468
0.472
0.114
0.903
-0.642
-0.424
0.819
1.677
0.656
0.798
0.022
0.056
-0.427
-0.314
1.758
1.404
2.139
1.922
0.370
1.888
1.509
0.964
2.005
0.180
0.637
2.122
2.943
2.312
1.717
2.136
1.241
1.039
0.044
0.371
0.048
0.762
0.569
-0.608
0.375
0.358
-0.072
0.550
-0.893
-0.583
0.582
1.535
0.502
0.152
-0.403
-0.110
-0.739
-0.418
